0.0 0.0 0.0
0.0 0.0 0.0
0.0 0.0 0.0
0.0 0.0 0.0
0.0 0.0 0.0
0.0 0.0 0.0
-3.393256090850813 -1.4318273165179811 -179.9575906481598
-3.393256090850813 -1.4318273165179811 -179.9575906481598
-3.393256090850813 -1.4318273165179811 -179.9575906481598
-3.393256090850813 -1.4318273165179811 -179.9575906481598
-3.393256090850813 -1.4318273165179811 -179.9575906481598
-3.393256090850813 -1.4318273165179811 -179.9575906481598
-3.393256090850813 -1.4318273165179811 -179.9575906481598
-3.393256090850813 -1.4318273165179811 -179.9575906481598
-3.393256090850813 -1.4318273165179811 -179.9575906481598
-3.393256090850813 -1.4318273165179811 -179.9575906481598
-3.393256090850813 -1.4318273165179811 -179.9575906481598
-3.393256090850813 -1.4318273165179811 -179.9575906481598
-3.393256090850813 -1.4318273165179811 -179.9575906481598
-3.393256090850813 -1.4318273165179811 -179.9575906481598
-3.393256090850813 -1.4318273165179811 -179.9575906481598
-3.393256090850813 -1.4318273165179811 -179.9575906481598
-3.393256090850813 -1.4318273165179811 -179.9575906481598
-3.393256090850813 -1.4318273165179811 -179.9575906481598
-3.393256090850813 -1.4318273165179811 -179.9575906481598
-3.393256090850813 -1.4318273165179811 -179.9575906481598
-3.393256090850813 -1.4318273165179811 -179.9575906481598
-3.393256090850813 -1.4318273165179811 -179.9575906481598
-3.3817790768232774 -1.4318273165179811 -179.95773342323074
-3.2548791380843882 -1.3414751974919965 179.99225978731826
-3.114284675979369 -1.2691457118597893 179.7020701328096
-2.991217855248615 -1.221391004866978 178.88565444523587
-2.6891594911873393 -0.1481338192998916 172.71988873759787
3.0803235708066485 1.4106385483458452 163.00607806311243
13.78870059906526 1.9093169498844211 146.55077140951983
27.385663417928384 0.6735652179499898 136.4038156353096
40.264936205751454 -1.758032437297051 132.7175131824264
57.702223163578225 -2.761038274481166 126.27459116967648
70.04254410693021 -4.409139994854759 120.86253602441553
72.75320170070154 -6.313523947308913 119.834607478298
73.47943798098729 -6.979963517480402 119.90236563254908
73.34649906771381 -7.487909755461847 119.98867214906322
73.72728795822376 -7.940177106487025 120.00279460892912
73.28790060669063 -7.929270136700698 120.2886363342523
72.56046053376926 -8.19331671718462 120.37062136945843
72.00141522039898 -8.545098687148863 120.64791696210207
71.43734031716978 -8.986287568630702 120.55532646636937
70.57584984685376 -9.342762949546223 120.60352033305016
67.36337744546725 -9.47858279227086 120.45976328224249
44.578866954396034 -10.90056814009566 120.80532628760761
12.615539521598137 -12.343204653402305 120.17187706361251
-16.147525079815072 -12.500995687380835 121.0116990066826
-47.47399729308519 -10.16477784761771 120.89876875749151
-68.609364077503 -9.081805375263578 119.42442926556187
-87.16175048713747 -7.228872254140658 119.85476224104121
-94.5139900308138 -6.276685234538713 120.56835292166785
-97.4234183865014 -5.474701854386165 120.54960572319801
-98.97678164583557 -4.634255764096477 41.25584776988578
-99.43062988026105 -4.343576637157084 40.73924983799689
-99.58222675694631 -4.057741354028646 40.43619924903833
-99.3381204079056 -3.779714162615046 40.108558583750124
-99.02775138201397 -3.559971860059748 40.02615194308604
-98.79060739628524 -3.5070663438843166 39.74750165709496
-98.57416085539023 -3.4717249577002596 39.869293691686075
-98.3192223929141 -3.4987693104607125 39.934601679796216
-98.52336621795783 -3.400860173283349 39.94804923086699
-98.15184123430362 -3.5138468440214226 40.00528736752852
-97.52728607230384 -4.121398625462928 39.94744684837879
-97.08241941055489 -3.7857123472803624 39.862161174710344
-95.04232428352296 -3.3403841363574536 40.09388120264674
-79.69530039211202 -2.1368578568923686 42.1689258817365
-29.958633987432915 -7.281040608230329 48.072664620837706
-6.381690339302979 -15.567670061982787 49.32121668888558
-1.67379376939741 -15.641995041468476 47.7076513328785
-4.0833059747261995 -11.555707468876294 48.385204088581006
-3.235254509181792 -10.192251546598497 48.581465730539584
-3.123044945231066 -9.721883151869157 48.32520042224211
-2.2636443133802087 -9.785384074818625 47.3303081111415
-1.8910376628447543 -10.036718232197776 46.20545489968284
-0.20624959960914122 -10.388436729971056 44.74356662905779
0.5222392149510096 -10.466317065523485 43.89778098317019
0.396712343019841 -10.773625123742237 43.25011906101696
0.8372968944858694 -10.844174912561044 42.590471465926306
0.8675666717458129 -9.942350361253217 42.58771070364167
1.858965835648215 -8.899730542442995 42.34273407630377
-0.4738183396810036 -5.619007813069927 41.49101251161217
-3.2537084537611816 10.8285641932726 35.53049817678327
-2.5433967264243327 25.613898643653588 34.672869129901514
-1.514651890561012 36.707000150860594 36.491434786636454
-0.24798935346646217 41.80775618900614 36.64181175045055
0.30938473553182483 43.734540264970775 35.97354314519746
1.0728186255460517 43.91618635254035 37.229600248318235
1.4212964592887067 43.581983832268904 38.33499450418847
1.7445155057327553 43.38627636258495 36.30521487679737
2.2531362468732676 43.327933217522904 34.909074352337555
2.6068733363228445 43.05480280196479 33.76457443991045
1.3035997756981734 39.237314527588794 31.70297487605551
-0.557851894816661 13.901378663577702 32.89129135992394
-5.523237656582475 -30.35657289014217 37.48414509827976
-12.033105440076332 -41.716906555805366 46.782498731996725
-13.971551450551438 -43.725539194543046 50.17975098189892
-10.799101045425322 -44.05904639807833 48.94765499819289
-10.115447330247392 -44.529941709070705 48.22467747617905
-7.984392436083706 -44.616532787581505 46.707674052964
-7.641466184965939 -45.170008640835874 45.23780460543216
-7.996804804133956 -45.14325922137426 41.482518380793984
-8.032986026716879 -43.86848093887763 38.711276560226324
-7.2034569923659575 -24.210679562098722 30.97730482872868
-9.025043493674024 17.01953979985052 22.065629350833373
-5.737037825318074 42.339425667979775 19.34617958004896
-1.5543927774603736 55.702019851548236 20.21494755337226
-1.2649101790069202 59.76901416990245 19.680309068813415
0.23488672589936233 60.91730845624325 21.585479839335953
-0.150989587870928 60.42966124948336 21.968249134857587
-0.7191346020943256 55.55761360212064 21.051597380848218
-2.314134884640993 19.899184079118854 22.152311052219353
-3.473643360796025 -34.044425001508756 24.86416210306123
-14.158029587426658 -49.79862690470665 37.38061474031043
-18.609627970403594 -52.06686102500485 43.37033205039317
-19.028872795568887 -53.15308410778917 44.38650937168843
-19.17951021521455 -53.58226544458576 44.63876265596501
-17.714253970734436 -53.15991796364638 42.30339517730388
-17.191330444475504 -52.605803719813984 39.25977382157242
-14.192064943869172 -49.926961543858745 34.35752463364382
-10.205392205184324 -26.909165324871985 25.089557653783128
-5.747337531700906 2.1524876347918727 19.71614738293529
-8.461837640831812 26.086687244281137 14.28177770869538
-7.125702059127079 42.98992759436815 13.46765136700287
-5.911631525819687 50.661187838064315 14.15218390950525
-6.338632368863543 53.572339438667896 14.01806637275693
-6.562772151549903 54.925744519668164 14.880187731496987
-5.805667733946063 54.15983326956922 16.459765285376523
-5.7662329739433265 50.365248004684936 16.10530563258099
-7.500229906610922 34.940817205332536 17.48789343580481
-8.170264430274269 6.846627054913328 19.58147575747679
-10.515121822772503 -24.00184749377861 26.234515113333973
-12.89467215293049 -40.42425615197874 31.06134262861344
-16.101021643209346 -45.68097612904147 34.529037218191306
-17.625371050447445 -47.57438252783744 35.09381045078847
-15.97489311525146 -48.42784658538445 32.96548146133333
-16.0148100793643 -44.246072717920995 31.229999792345165
-15.162921061382653 -26.53925283395074 25.10208694651707
-13.213168578300408 -3.8107724159942613 20.008243500420782
-9.704817685810347 21.94514773591484 17.09491889853645
-1.0333277971667079 42.95896400539691 17.372629904241315
6.820983545858164 55.1364326232629 19.536984968869746
6.429188151749725 62.36541721558084 18.18347734014261
6.601963643945755 63.46504772120714 19.65606699736707
5.095654779410996 61.73817581330092 18.60455473092936
5.584044826608403 57.004617710782036 17.33574362122209
5.200363710647244 36.85580991246516 18.720606829255594
1.1629709392341452 5.299261886230096 20.862472897363784
5.300358343857179 -7.934979859373304 20.513761648636766
0.8360956589473584 -7.872077772525838 20.195643649720154
-26.98048813831044 -2.8593855878672265 19.549268638903104
-68.56953476449843 3.151045514313692 16.760604065998557
-106.12373395415061 2.777994712325706 16.464904309874942
-117.76425871356098 3.1729337397262616 16.683903658180373
-120.68307763330736 2.460694517435866 16.84033062963188
-121.40804880145976 2.5288001008085756 16.537563324818418
-119.92442965034031 3.1648575826290983 17.39555802351857
-67.70537387999721 -3.4796853788496964 25.739180751098022
29.178952556482233 -6.215082987042263 19.86126781842381
57.84340249603198 -0.9511971774373456 14.376332951952136
61.34463356995115 1.8845733854263393 14.203928291430103
67.9087831335639 3.7175251933061197 14.117516973296189
78.45802028081927 5.469645951487557 13.473299726077853
92.78960255395346 7.2972245297382035 14.607855692068766
103.08153875491482 8.060909054170034 15.716012021350908
110.7187349506561 9.12688292519856 15.229031191889357
114.01617017476279 10.272321607966486 14.906860640250386
106.55289690758173 11.084158198733348 11.822437583495981
88.15201372895099 8.483324538038099 7.784105290889791
35.19203602645224 1.3238565632586796 8.963614816574681
0.3656435703656326 -0.030050491816732753 12.976662265930408
-11.863772166410119 -0.526901706840863 14.75009077994804
-10.777913135044185 -1.5247564872020065 15.767267306103433
-10.223971211698588 -2.165356233940833 16.35765587365248
-10.247479559669893 -1.849221458912437 17.14309859558607
-9.7568011588698 -1.6496783016250547 17.76193337080173
-9.726324924177186 -0.864387751121452 18.298729826837064
-8.045154698009137 -0.4960856623856388 18.775500399358055
-3.377753430964691 -0.4489009822159494 19.294475453382027
-0.5458245104432712 -0.9861468686253365 19.95468896087888
-0.04235591872918727 -1.075232164189325 20.426141738814717
2.3344090062170704 -1.1782424052262426 20.977445744005443
19.955488850451907 -0.5567850843107642 21.959282143611258
55.729856372699636 0.017892326317151607 24.04885441840124
101.47259537397022 -5.008490208204117 22.157936096188898
132.01295255277157 -3.6990648030348847 16.35623535594413
148.94431905579845 0.07468736157816043 16.244081874480827
158.75377450676112 2.978743203133952 17.818138185069596
164.4318796299659 3.994493443851341 19.013652954029485
166.96544900244325 4.348035609766361 19.829893133065394
168.40277288826405 4.50546939195511 20.94646933334223
169.91352424771907 4.8580643448106695 20.271364657838802
169.30261809835844 5.124805948827647 18.571535181955173
169.0730442104291 4.870750633625501 17.653013677781765
169.24613961445542 4.648219844530464 15.824487073911568
169.58613846684273 4.638751004364819 14.300943632308552
169.7087301322646 4.696668593773525 12.756550161763386
169.3239928226208 4.868939277781818 11.106670609915607
166.91832396003377 5.171111250214542 8.167013901075896
151.6926040108553 7.599422528036284 3.8623856622725548
120.31490884984278 7.21752356886398 2.235154518005029
69.6336966086868 3.6579184379491894 4.945876788740327
25.92922138482294 2.2934267593722133 3.939301445874232
8.023234672139449 -1.2913694171408863 3.9887310142524104
3.857990015096571 -2.9442222290467353 6.258360339988634
2.9083426765050624 -4.00553258365543 7.5194198155291705
2.3327701172674202 -4.412497157375915 8.382524304624503
-1.0338765352658614 -4.440263003008004 8.55776661605734
-22.766490832275583 -5.181832618455195 7.787473177907279
-46.928919400337044 -11.331002388503936 8.243006738177405
-66.09886635859831 -18.96507819522587 13.754180155931895
-82.26912544722025 -24.566923088795736 22.605138168256815
-95.77002943139765 -26.59778497711454 30.74527509053498
-106.28168970273683 -20.798508053012483 35.70287457808627
-94.68724540611099 -7.815634719129576 43.77588295180951
-119.78788462084383 -1.8837616383088422 57.09645809636267
-116.30647394428846 -5.370950387828549 56.7337537902702
-121.77209174216348 -9.573807163665531 57.305825701667224
-140.78983269891557 -10.794078819616173 53.318602092219
-168.67058754177415 -12.150507561573017 42.216689051585
178.93949286160435 -13.848918842457746 37.54530799465545
177.3909680085662 -14.422138549445805 36.18563624331802
179.3044437315764 -12.145719271572812 35.04786582700748
-179.63795545785797 -11.505234571297333 34.47025744008314
-177.9576453877254 -12.150308291972614 33.302913588556095
-175.79391566866934 -11.203584459341215 32.55520145811866
-173.8708691248757 -10.864303209291233 33.0269478887112
-172.03361054520616 -10.787841309837155 33.57611866495884
-171.46593538646246 -11.01755560288111 33.64438692298228
-172.59568869548747 -11.065045942067513 34.02767650606245
-174.11448447202073 -10.273375556734312 33.93796811298086
-175.89452897753145 -9.966116903188361 34.15046318293526
-175.63329174225464 -9.510759718363827 34.79826735021078
-169.23954524361136 -9.845766205062375 36.783129173050405
-134.0929193643839 -13.381040869296838 40.9818291244739
-94.35959334517105 -20.218334705530587 40.65084542717398
-41.2075923221582 -13.103073864373956 25.703700769519575
-0.6014242222437539 -3.737175667635989 22.790715092163317
10.806569130912642 7.244216823143865 20.623782095528146
2.672950855756418 3.6653752361658016 23.85723214902203
1.141786086162302 -0.0962420579375934 25.73715980398351
0.8149088048763242 -0.4619270162372578 29.319636002068723
0.15293278771733224 -0.5815736077599138 32.4595666745953
-0.37340910844887637 -0.6897890932529442 33.252950135273444
-0.7907236071455727 -0.7532216996656368 36.42768850826508
-1.049438778959043 -0.7938389424130902 39.240214123066885
-1.2829384741772805 -0.8228392228043718 41.77044148558536
-1.4709080940155757 -0.8535668000690483 45.07884172656319
-1.5998318830903373 -0.8680883354860297 46.83577613725212
-1.7486817787412487 -0.8966502310344834 48.493786754051136
-1.8213668672510606 -0.919911802703349 50.09787509306136
-1.8995552990618034 -0.9271056493234162 51.61944956083331
-2.007961713028677 -0.9453040724106265 53.00123030464611
-2.0489851184688486 -0.9597744023644306 54.21091338318484
-2.14152634708435 -0.9726884155388971 55.40004134134727
-2.159773408652667 -0.9763948426889669 56.28262192326533
-2.245274985996331 -0.9816931839614543 57.20767423328966
-2.272324680633712 -0.9826283884828496 57.90168613833384
-2.339071517224415 -0.9955424895614989 58.91482451489842
-2.3557675115646544 -1.0027181580658406 59.53419102797875
-2.396833651479539 -1.0119052372197381 59.986462936443196
-2.4467008991029613 -1.0173285601161364 60.317567616185144
-2.4547812711752286 -1.0214831616940612 60.58219596393594
-2.505524469234851 -1.0252538254305446 60.983973917024315
-2.5538754584723953 -1.034069631681684 61.13051687992261
-2.581010264807672 -1.027932260088359 61.31553528030376
-2.603624221820393 -1.039942265020784 61.41305384677516
-2.618401168011577 -1.0520096210898053 61.74708213705035
-2.6606522366463223 -1.051521378788905 61.854571779634185
-2.6817788687729562 -1.066050631452978 61.813377974832676
-2.7225188112346688 -1.069242560513472 61.7601919039045
-2.7301214389599773 -1.0695611805442558 61.50872100711618
-2.7354761134786596 -1.0801811031471094 61.46703651407938
-2.7545191037900567 -1.0704987029850128 61.38852993076396
-2.753852834775901 -1.0725227438532468 61.30985327931549
-2.7779729033041844 -1.0741341839159655 61.16272320886157
-2.7859137975983312 -1.074035617856449 60.93952020775444
-2.8008686771815423 -1.0790877055659862 60.88316488629138
-2.8089700665094512 -1.0777960298942288 60.69674823086257
-2.8068110800649584 -1.0837638740805045 60.45933460674829
-2.8076525552950593 -1.0769444640678099 60.102231531361795
-2.8053378819003822 -1.0826865208916516 59.86304995562757
-2.811412168260225 -1.0875025218447725 59.442520956907195
-2.803985107522704 -1.0820756388812747 59.25751457833133
-2.809095627363653 -1.0889970653481609 58.744162247954726
-2.807412849342485 -1.0931139405516304 58.57246774100362
-2.8111774148078745 -1.0795988746168117 58.49517045357298
-2.8093252231701973 -1.0834910973858338 58.32086254751985
-2.808088899152637 -1.0876538099571396 58.16736821428711
